0 0
0.003125 0
0.00625 0
0.009375 0
0.0125 0
0.015625 0
0.01875 0
0.021875 0
0.025 0
0.028125 -7.43979e-08
0.03125 -6.38584e-07
0.034375 -2.92932e-06
0.0375 -9.61521e-06
0.040625 -2.54037e-05
0.04375 -5.75188e-05
0.046875 -0.000115965
0.05 -0.000213546
0.053125 -0.000365649
0.05625 -0.000589837
0.059375 -0.000905304
0.0625 -0.00133226
0.065625 -0.0018913
0.06875 -0.00260279
0.071875 -0.0034863
0.075 -0.00456016
0.078125 -0.00584107
0.08125 -0.00734377
0.084375 -0.00908094
0.0875 -0.011063
0.090625 -0.013298
0.09375 -0.0157919
0.096875 -0.0185483
0.1 -0.0215689
0.103125 -0.0248533
0.10625 -0.0283994
0.109375 -0.0322034
0.1125 -0.0362602
0.115625 -0.0405632
0.11875 -0.0451049
0.121875 -0.0498768
0.125 -0.0548697
0.128125 -0.0600736
0.13125 -0.0654783
0.134375 -0.0710729
0.1375 -0.0768465
0.140625 -0.0827878
0.14375 -0.0888858
0.146875 -0.0951293
0.15 -0.101507
0.153125 -0.108008
0.15625 -0.114622
0.159375 -0.121338
0.1625 -0.128145
0.165625 -0.135035
0.16875 -0.141997
0.171875 -0.149021
0.175 -0.1561
0.178125 -0.163224
0.18125 -0.170386
0.184375 -0.177577
0.1875 -0.18479
0.190625 -0.192017
0.19375 -0.199253
0.196875 -0.206491
0.2 -0.213725
0.203125 -0.220948
0.20625 -0.228156
0.209375 -0.235345
0.2125 -0.242508
0.215625 -0.249641
0.21875 -0.256742
0.221875 -0.263804
0.225 -0.270826
0.228125 -0.277804
0.23125 -0.284734
0.234375 -0.291614
0.2375 -0.298442
0.240625 -0.305214
0.24375 -0.311929
0.246875 -0.318585
0.25 -0.325179
0.253125 -0.331711
0.25625 -0.338178
0.259375 -0.344579
0.2625 -0.350914
0.265625 -0.357181
0.26875 -0.363378
0.271875 -0.369507
0.275 -0.375565
0.278125 -0.381552
0.28125 -0.387468
0.284375 -0.393312
0.2875 -0.399084
0.290625 -0.404784
0.29375 -0.410411
0.296875 -0.415966
0.3 -0.421449
0.303125 -0.42686
0.30625 -0.432198
0.309375 -0.437465
0.3125 -0.442659
0.315625 -0.447783
0.31875 -0.452835
0.321875 -0.457817
0.325 -0.462728
0.328125 -0.46757
0.33125 -0.472342
0.334375 -0.477045
0.3375 -0.48168
0.340625 -0.486248
0.34375 -0.490748
0.346875 -0.495182
0.35 -0.49955
0.353125 -0.503852
0.35625 -0.50809
0.359375 -0.512264
0.3625 -0.516375
0.365625 -0.520423
0.36875 -0.52441
0.371875 -0.528335
0.375 -0.5322
0.378125 -0.536005
0.38125 -0.539751
0.384375 -0.543439
0.3875 -0.547069
0.390625 -0.550643
0.39375 -0.55416
0.396875 -0.557623
0.4 -0.56103
0.403125 -0.564384
0.40625 -0.567685
0.409375 -0.570933
0.4125 -0.574129
0.415625 -0.577275
0.41875 -0.58037
0.421875 -0.583416
0.425 -0.586413
0.428125 -0.589362
0.43125 -0.592263
0.434375 -0.595118
0.4375 -0.597926
0.440625 -0.60069
0.44375 -0.603408
0.446875 -0.606083
0.45 -0.608714
0.453125 -0.611303
0.45625 -0.613849
0.459375 -0.616355
0.4625 -0.618819
0.465625 -0.621243
0.46875 -0.623628
0.471875 -0.625973
0.475 -0.628281
0.478125 -0.630551
0.48125 -0.632783
0.484375 -0.634979
0.4875 -0.637139
0.490625 -0.639264
0.49375 -0.641354
0.496875 -0.643409
0.5 -0.645431
0.503125 -0.647419
0.50625 -0.649375
0.509375 -0.651299
0.5125 -0.653191
0.515625 -0.655052
0.51875 -0.656882
0.521875 -0.658682
0.525 -0.660452
0.528125 -0.662193
0.53125 -0.663905
0.534375 -0.665589
0.5375 -0.667246
0.540625 -0.668875
0.54375 -0.670476
0.546875 -0.672052
0.55 -0.673601
0.553125 -0.675125
0.55625 -0.676624
0.559375 -0.678097
0.5625 -0.679547
0.565625 -0.680972
0.56875 -0.682374
0.571875 -0.683752
0.575 -0.685108
0.578125 -0.686441
0.58125 -0.687752
0.584375 -0.689042
0.5875 -0.69031
0.590625 -0.691557
0.59375 -0.692783
0.596875 -0.693989
0.6 -0.695175
0.603125 -0.696342
0.60625 -0.697489
0.609375 -0.698616
0.6125 -0.699726
0.615625 -0.700817
0.61875 -0.701889
0.621875 -0.702944
0.625 -0.703982
0.628125 -0.705002
0.63125 -0.706005
0.634375 -0.706992
0.6375 -0.707962
0.640625 -0.708916
0.64375 -0.709855
0.646875 -0.710778
0.65 -0.711685
0.653125 -0.712578
0.65625 -0.713455
0.659375 -0.714318
0.6625 -0.715167
0.665625 -0.716002
0.66875 -0.716823
0.671875 -0.71763
0.675 -0.718424
0.678125 -0.719204
0.68125 -0.719972
0.684375 -0.720727
0.6875 -0.72147
0.690625 -0.7222
0.69375 -0.722918
0.696875 -0.723624
0.7 -0.724319
0.703125 -0.725002
0.70625 -0.725673
0.709375 -0.726334
0.7125 -0.726983
0.715625 -0.727622
0.71875 -0.728251
0.721875 -0.728868
0.725 -0.729476
0.728125 -0.730074
0.73125 -0.730661
0.734375 -0.731239
0.7375 -0.731808
0.740625 -0.732367
0.74375 -0.732917
0.746875 -0.733457
0.75 -0.733989
0.753125 -0.734512
0.75625 -0.735026
0.759375 -0.735532
0.7625 -0.736029
0.765625 -0.736518
0.76875 -0.736999
0.771875 -0.737473
0.775 -0.737938
0.778125 -0.738395
0.78125 -0.738845
0.784375 -0.739288
0.7875 -0.739723
0.790625 -0.740151
0.79375 -0.740572
0.796875 -0.740986
0.8 -0.741393
0.803125 -0.741794
0.80625 -0.742187
0.809375 -0.742575
0.8125 -0.742955
0.815625 -0.74333
0.81875 -0.743698
0.821875 -0.74406
0.825 -0.744417
0.828125 -0.744767
0.83125 -0.745111
0.834375 -0.74545
0.8375 -0.745783
0.840625 -0.746111
0.84375 -0.746433
0.846875 -0.74675
0.85 -0.747062
0.853125 -0.747368
0.85625 -0.747669
0.859375 -0.747966
0.8625 -0.748257
0.865625 -0.748544
0.86875 -0.748826
0.871875 -0.749103
0.875 -0.749375
0.878125 -0.749643
0.88125 -0.749907
0.884375 -0.750166
0.8875 -0.750421
0.890625 -0.750672
0.89375 -0.750918
0.896875 -0.75116
0.9 -0.751399
0.903125 -0.751633
0.90625 -0.751864
0.909375 -0.75209
0.9125 -0.752313
0.915625 -0.752532
0.91875 -0.752748
0.921875 -0.75296
0.925 -0.753168
0.928125 -0.753373
0.93125 -0.753575
0.934375 -0.753773
0.9375 -0.753968
0.940625 -0.754159
0.94375 -0.754348
0.946875 -0.754533
0.95 -0.754715
0.953125 -0.754895
0.95625 -0.755071
0.959375 -0.755244
0.9625 -0.755414
0.965625 -0.755582
0.96875 -0.755747
0.971875 -0.755909
0.975 -0.756068
0.978125 -0.756224
0.98125 -0.756378
0.984375 -0.75653
0.9875 -0.756679
0.990625 -0.756825
0.99375 -0.756969
0.996875 -0.757111
1 -0.75725
1.00313 -0.757387
1.00625 -0.757521
1.00938 -0.757654
1.0125 -0.757784
1.01563 -0.757912
1.01875 -0.758038
1.02188 -0.758162
1.025 -0.758283
1.02813 -0.758403
1.03125 -0.75852
1.03438 -0.758636
1.0375 -0.75875
1.04063 -0.758862
1.04375 -0.758972
1.04688 -0.75908
1.05 -0.759186
1.05313 -0.759291
1.05625 -0.759393
1.05938 -0.759494
1.0625 -0.759594
1.06563 -0.759692
1.06875 -0.759788
1.07188 -0.759882
1.075 -0.759975
1.07813 -0.760066
1.08125 -0.760156
1.08438 -0.760244
1.0875 -0.760331
1.09063 -0.760417
1.09375 -0.760501
1.09688 -0.760583
1.1 -0.760664
1.10313 -0.760744
1.10625 -0.760823
1.10938 -0.7609
1.1125 -0.760976
1.11563 -0.76105
1.11875 -0.761124
1.12188 -0.761196
1.125 -0.761267
1.12813 -0.761336
1.13125 -0.761405
1.13438 -0.761472
1.1375 -0.761539
1.14063 -0.761604
1.14375 -0.761668
1.14688 -0.761731
1.15 -0.761793
1.15313 -0.761854
1.15625 -0.761913
1.15938 -0.761972
1.1625 -0.76203
1.16563 -0.762087
1.16875 -0.762143
1.17188 -0.762198
1.175 -0.762252
1.17813 -0.762305
1.18125 -0.762358
1.18438 -0.762409
1.1875 -0.76246
1.19063 -0.76251
1.19375 -0.762558
1.19688 -0.762607
1.2 -0.762654
1.20313 -0.7627
1.20625 -0.762746
1.20938 -0.762791
1.2125 -0.762835
1.21563 -0.762879
1.21875 -0.762921
1.22188 -0.762963
1.225 -0.763004
1.22813 -0.763045
1.23125 -0.763085
1.23438 -0.763124
1.2375 -0.763163
1.24063 -0.763201
1.24375 -0.763238
1.24688 -0.763275
1.25 -0.763311
1.25313 -0.763346
1.25625 -0.763381
1.25938 -0.763415
1.2625 -0.763449
1.26563 -0.763482
1.26875 -0.763515
1.27188 -0.763547
1.275 -0.763578
1.27813 -0.763609
1.28125 -0.76364
1.28438 -0.76367
1.2875 -0.763699
1.29063 -0.763728
1.29375 -0.763757
1.29688 -0.763785
1.3 -0.763812
1.30313 -0.763839
1.30625 -0.763866
1.30938 -0.763892
1.3125 -0.763918
1.31563 -0.763943
1.31875 -0.763968
1.32188 -0.763992
1.325 -0.764016
1.32813 -0.76404
1.33125 -0.764063
1.33438 -0.764086
1.3375 -0.764109
1.34063 -0.764131
1.34375 -0.764152
1.34688 -0.764174
1.35 -0.764195
1.35313 -0.764216
1.35625 -0.764236
1.35938 -0.764256
1.3625 -0.764275
1.36563 -0.764295
1.36875 -0.764314
1.37188 -0.764332
1.375 -0.764351
1.37813 -0.764369
1.38125 -0.764386
1.38438 -0.764404
1.3875 -0.764421
1.39063 -0.764438
1.39375 -0.764454
1.39688 -0.764471
1.4 -0.764487
1.40313 -0.764502
1.40625 -0.764518
1.40938 -0.764533
1.4125 -0.764548
1.41563 -0.764563
1.41875 -0.764577
1.42188 -0.764591
1.425 -0.764605
1.42813 -0.764619
1.43125 -0.764632
1.43438 -0.764646
1.4375 -0.764659
1.44063 -0.764671
1.44375 -0.764684
1.44688 -0.764696
1.45 -0.764708
1.45313 -0.76472
1.45625 -0.764732
1.45938 -0.764743
1.4625 -0.764754
1.46563 -0.764765
1.46875 -0.764776
1.47188 -0.764786
1.475 -0.764797
1.47813 -0.764807
1.48125 -0.764817
1.48438 -0.764827
1.4875 -0.764836
1.49063 -0.764846
1.49375 -0.764855
1.49688 -0.764864
1.5 -0.764873
1.50313 -0.764881
1.50625 -0.76489
1.50938 -0.764898
1.5125 -0.764906
1.51563 -0.764914
1.51875 -0.764922
1.52188 -0.76493
1.525 -0.764937
1.52813 -0.764944
1.53125 -0.764951
1.53438 -0.764958
1.5375 -0.764965
1.54063 -0.764972
1.54375 -0.764978
1.54688 -0.764984
1.55 -0.764991
1.55313 -0.764997
1.55625 -0.765002
1.55938 -0.765008
1.5625 -0.765014
1.56563 -0.765019
1.56875 -0.765024
1.57188 -0.765029
1.575 -0.765034
1.57813 -0.765039
1.58125 -0.765044
1.58438 -0.765048
1.5875 -0.765052
1.59063 -0.765057
1.59375 -0.765061
1.59688 -0.765065
1.6 -0.765068
1.60313 -0.765072
1.60625 -0.765076
1.60938 -0.765079
1.6125 -0.765082
1.61563 -0.765085
1.61875 -0.765088
1.62188 -0.765091
1.625 -0.765094
1.62813 -0.765097
1.63125 -0.765099
1.63438 -0.765102
1.6375 -0.765104
1.64063 -0.765106
1.64375 -0.765108
1.64688 -0.76511
1.65 -0.765112
1.65313 -0.765113
1.65625 -0.765115
1.65938 -0.765116
1.6625 -0.765117
1.66563 -0.765119
1.66875 -0.76512
1.67188 -0.765121
1.675 -0.765121
1.67813 -0.765122
1.68125 -0.765123
1.68438 -0.765123
1.6875 -0.765124
1.69063 -0.765124
1.69375 -0.765124
1.69688 -0.765124
1.7 -0.765124
1.70313 -0.765124
1.70625 -0.765124
1.70938 -0.765123
1.7125 -0.765123
1.71563 -0.765122
1.71875 -0.765122
1.72188 -0.765121
1.725 -0.76512
1.72813 -0.765119
1.73125 -0.765118
1.73438 -0.765117
1.7375 -0.765116
1.74063 -0.765114
1.74375 -0.765113
1.74688 -0.765111
1.75 -0.76511
1.75313 -0.765108
1.75625 -0.765106
1.75938 -0.765104
1.7625 -0.765102
1.76563 -0.7651
1.76875 -0.765098
1.77188 -0.765095
1.775 -0.765093
1.77813 -0.765091
1.78125 -0.765088
1.78438 -0.765085
1.7875 -0.765083
1.79063 -0.76508
1.79375 -0.765077
1.79688 -0.765074
1.8 -0.765071
1.80313 -0.765068
1.80625 -0.765065
1.80938 -0.765061
1.8125 -0.765058
1.81563 -0.765054
1.81875 -0.765051
1.82188 -0.765047
1.825 -0.765043
1.82813 -0.76504
1.83125 -0.765036
1.83438 -0.765032
1.8375 -0.765028
1.84063 -0.765024
1.84375 -0.765019
1.84688 -0.765015
1.85 -0.765011
1.85313 -0.765006
1.85625 -0.765002
1.85938 -0.764997
1.8625 -0.764993
1.86563 -0.764988
1.86875 -0.764983
1.87188 -0.764978
1.875 -0.764973
1.87813 -0.764969
1.88125 -0.764963
1.88438 -0.764958
1.8875 -0.764953
1.89063 -0.764948
1.89375 -0.764943
1.89688 -0.764937
1.9 -0.764932
1.90313 -0.764926
1.90625 -0.764921
1.90938 -0.764915
1.9125 -0.764909
1.91563 -0.764903
1.91875 -0.764898
1.92188 -0.764892
1.925 -0.764886
1.92813 -0.76488
1.93125 -0.764874
1.93438 -0.764867
1.9375 -0.764861
1.94063 -0.764855
1.94375 -0.764849
1.94688 -0.764842
1.95 -0.764836
1.95313 -0.764829
1.95625 -0.764823
1.95938 -0.764816
1.9625 -0.764809
1.96563 -0.764803
1.96875 -0.764796
1.97188 -0.764789
1.975 -0.764782
1.97813 -0.764775
1.98125 -0.764768
1.98438 -0.764761
1.9875 -0.764754
1.99063 -0.764747
1.99375 -0.764739
1.99688 -0.764732
2 -0.764725
2.00313 -0.764717
2.00625 -0.76471
2.00938 -0.764703
2.0125 -0.764695
2.01563 -0.764687
2.01875 -0.76468
2.02188 -0.764672
2.025 -0.764664
2.02813 -0.764657
2.03125 -0.764649
2.03438 -0.764641
2.0375 -0.764633
2.04063 -0.764625
2.04375 -0.764617
2.04688 -0.764609
2.05 -0.764601
2.05313 -0.764593
2.05625 -0.764585
2.05938 -0.764576
2.0625 -0.764568
2.06563 -0.76456
2.06875 -0.764551
2.07188 -0.764543
2.075 -0.764535
2.07813 -0.764526
2.08125 -0.764518
2.08438 -0.764509
2.0875 -0.7645
2.09063 -0.764492
2.09375 -0.764483
2.09688 -0.764474
2.1 -0.764466
2.10313 -0.764457
2.10625 -0.764448
2.10938 -0.764439
2.1125 -0.76443
2.11563 -0.764421
2.11875 -0.764412
2.12188 -0.764403
2.125 -0.764394
2.12813 -0.764385
2.13125 -0.764376
2.13438 -0.764367
2.1375 -0.764358
2.14063 -0.764348
2.14375 -0.764339
2.14688 -0.76433
2.15 -0.76432
2.15313 -0.764311
2.15625 -0.764302
2.15938 -0.764292
2.1625 -0.764283
2.16563 -0.764273
2.16875 -0.764264
2.17188 -0.764254
2.175 -0.764245
2.17813 -0.764235
2.18125 -0.764225
2.18438 -0.764216
2.1875 -0.764206
2.19063 -0.764196
2.19375 -0.764186
2.19688 -0.764177
2.2 -0.764167
2.20313 -0.764157
2.20625 -0.764147
2.20938 -0.764137
2.2125 -0.764127
2.21563 -0.764117
2.21875 -0.764107
2.22188 -0.764097
2.225 -0.764087
2.22813 -0.764077
2.23125 -0.764067
2.23438 -0.764057
2.2375 -0.764047
2.24063 -0.764036
2.24375 -0.764026
2.24688 -0.764016
2.25 -0.764006
2.25313 -0.763995
2.25625 -0.763985
2.25938 -0.763975
2.2625 -0.763964
2.26563 -0.763954
2.26875 -0.763944
2.27188 -0.763933
2.275 -0.763923
2.27813 -0.763912
2.28125 -0.763902
2.28438 -0.763891
2.2875 -0.763881
2.29063 -0.76387
2.29375 -0.76386
2.29688 -0.763849
2.3 -0.763838
2.30313 -0.763828
2.30625 -0.763817
2.30938 -0.763807
2.3125 -0.763796
2.31563 -0.763785
2.31875 -0.763774
2.32188 -0.763764
2.325 -0.763753
2.32813 -0.763742
2.33125 -0.763731
2.33438 -0.763721
2.3375 -0.76371
2.34063 -0.763699
2.34375 -0.763688
2.34688 -0.763677
2.35 -0.763666
2.35312 -0.763655
2.35625 -0.763644
2.35937 -0.763633
2.3625 -0.763622
2.36562 -0.763611
2.36875 -0.7636
2.37187 -0.763589
2.375 -0.763578
2.37812 -0.763567
2.38125 -0.763556
2.38437 -0.763545
2.3875 -0.763534
2.39062 -0.763523
2.39375 -0.763512
2.39687 -0.763501
2.4 -0.76349
2.40312 -0.763478
2.40625 -0.763467
2.40937 -0.763456
2.4125 -0.763445
2.41562 -0.763434
2.41875 -0.763423
2.42187 -0.763411
2.425 -0.7634
2.42812 -0.763389
2.43125 -0.763378
2.43437 -0.763366
2.4375 -0.763355
2.44062 -0.763344
2.44375 -0.763332
2.44687 -0.763321
2.45 -0.76331
2.45312 -0.763298
2.45625 -0.763287
2.45937 -0.763276
2.4625 -0.763264
2.46562 -0.763253
2.46875 -0.763242
2.47187 -0.76323
2.475 -0.763219
2.47812 -0.763207
2.48125 -0.763196
2.48437 -0.763184
2.4875 -0.763173
2.49062 -0.763162
2.49375 -0.76315
2.49687 -0.763139
2.5 -0.763127
2.50312 -0.763116
2.50625 -0.763104
2.50937 -0.763093
2.5125 -0.763081
2.51562 -0.76307
2.51875 -0.763058
2.52187 -0.763047
2.525 -0.763035
2.52812 -0.763024
2.53125 -0.763012
2.53437 -0.763
2.5375 -0.762989
2.54062 -0.762977
2.54375 -0.762966
2.54687 -0.762954
2.55 -0.762943
2.55312 -0.762931
2.55625 -0.762919
2.55937 -0.762908
2.5625 -0.762896
2.56562 -0.762885
2.56875 -0.762873
2.57187 -0.762861
2.575 -0.76285
2.57812 -0.762838
2.58125 -0.762826
2.58437 -0.762815
2.5875 -0.762803
2.59062 -0.762792
2.59375 -0.76278
2.59687 -0.762768
2.6 -0.762757
2.60312 -0.762745
2.60625 -0.762733
2.60937 -0.762722
2.6125 -0.76271
2.61562 -0.762698
2.61875 -0.762687
2.62187 -0.762675
2.625 -0.762663
2.62812 -0.762652
2.63125 -0.76264
2.63437 -0.762628
2.6375 -0.762617
2.64062 -0.762605
2.64375 -0.762593
2.64687 -0.762581
2.65 -0.76257
2.65312 -0.762558
2.65625 -0.762546
2.65937 -0.762535
2.6625 -0.762523
2.66562 -0.762511
2.66875 -0.7625
2.67187 -0.762488
2.675 -0.762476
2.67812 -0.762464
2.68125 -0.762453
2.68437 -0.762441
2.6875 -0.762429
2.69062 -0.762418
2.69375 -0.762406
2.69687 -0.762394
2.7 -0.762382
2.70312 -0.762371
2.70625 -0.762359
2.70937 -0.762347
2.7125 -0.762336
2.71562 -0.762324
2.71875 -0.762312
2.72187 -0.762301
2.725 -0.762289
2.72812 -0.762277
2.73125 -0.762265
2.73437 -0.762254
2.7375 -0.762242
2.74062 -0.76223
2.74375 -0.762219
2.74687 -0.762207
2.75 -0.762195
2.75312 -0.762184
2.75625 -0.762172
2.75937 -0.76216
2.7625 -0.762148
2.76562 -0.762137
2.76875 -0.762125
2.77187 -0.762113
2.775 -0.762102
2.77812 -0.76209
2.78125 -0.762078
2.78437 -0.762067
2.7875 -0.762055
2.79062 -0.762043
2.79375 -0.762032
2.79687 -0.76202
2.8 -0.762008
2.80312 -0.761997
2.80625 -0.761985
2.80937 -0.761973
2.8125 -0.761962
2.81562 -0.76195
2.81875 -0.761938
2.82187 -0.761927
2.825 -0.761915
2.82812 -0.761904
2.83125 -0.761892
2.83437 -0.76188
2.8375 -0.761869
2.84062 -0.761857
2.84375 -0.761845
2.84687 -0.761834
2.85 -0.761822
2.85312 -0.761811
2.85625 -0.761799
2.85937 -0.761787
2.8625 -0.761776
2.86562 -0.761764
2.86875 -0.761753
2.87187 -0.761741
2.875 -0.761729
2.87812 -0.761718
2.88125 -0.761706
2.88437 -0.761695
2.8875 -0.761683
2.89062 -0.761672
2.89375 -0.76166
2.89687 -0.761649
2.9 -0.761637
2.90312 -0.761625
2.90625 -0.761614
2.90937 -0.761602
2.9125 -0.761591
2.91562 -0.761579
2.91875 -0.761568
2.92187 -0.761556
2.925 -0.761545
2.92812 -0.761533
2.93125 -0.761522
2.93437 -0.76151
2.9375 -0.761499
2.94062 -0.761487
2.94375 -0.761476
2.94687 -0.761465
2.95 -0.761453
2.95312 -0.761442
2.95625 -0.76143
2.95937 -0.761419
2.9625 -0.761407
2.96562 -0.761396
2.96875 -0.761384
2.97187 -0.761373
2.975 -0.761362
2.97812 -0.76135
2.98125 -0.761339
2.98437 -0.761327
2.9875 -0.761316
2.99062 -0.761305
2.99375 -0.761293
2.99687 -0.761282
3 -0.761271
